[{"refexp_id": 2, "annotation_id": 298801, "predicted_bounding_boxes": [[357, 134, 253, 346], [526, 270, 63, 167], [589, 296, 52, 184], [289, 229, 81, 138], [108, 72, 321, 411], [272, 241, 75, 233], [576, 299, 61, 169]]}, {"refexp_id": 3, "annotation_id": 298801, "predicted_bounding_boxes": [[589, 296, 52, 184], [576, 299, 61, 169], [289, 229, 81, 138], [357, 134, 253, 346], [272, 241, 75, 233], [526, 270, 63, 167], [108, 72, 321, 411]]}, {"refexp_id": 6, "annotation_id": 453172, "predicted_bounding_boxes": [[307, 379, 63, 43], [301, 434, 70, 47], [87, 89, 168, 167], [6, 388, 594, 93], [210, 410, 46, 68], [604, 101, 36, 153], [327, 114, 208, 298], [263, 91, 27, 27], [34, 73, 201, 348]]}, {"refexp_id": 7, "annotation_id": 453172, "predicted_bounding_boxes": [[604, 101, 36, 153], [6, 388, 594, 93], [34, 73, 201, 348], [263, 91, 27, 27], [307, 379, 63, 43], [301, 434, 70, 47], [87, 89, 168, 167], [210, 410, 46, 68], [327, 114, 208, 298]]}, {"refexp_id": 29, "annotation_id": 401571, "predicted_bounding_boxes": [[350, 179, 162, 162], [365, 173, 138, 84], [12, 227, 238, 30], [0, 169, 286, 157]]}, {"refexp_id": 30, "annotation_id": 401571, "predicted_bounding_boxes": [[365, 173, 138, 84], [0, 169, 286, 157], [12, 227, 238, 30], [350, 179, 162, 162]]}, {"refexp_id": 73, "annotation_id": 584873, "predicted_bounding_boxes": [[278, 45, 361, 409], [13, 152, 204, 212]]}, {"refexp_id": 74, "annotation_id": 584873, "predicted_bounding_boxes": [[278, 45, 361, 409], [13, 152, 204, 212]]}, {"refexp_id": 79, "annotation_id": 1154908, "predicted_bounding_boxes": [[46, 19, 386, 313]]}, {"refexp_id": 80, "annotation_id": 1154908, "predicted_bounding_boxes": [[46, 19, 386, 313]]}, {"refexp_id": 101, "annotation_id": 381043, "predicted_bounding_boxes": [[170, 593, 83, 42], [310, 516, 105, 87], [5, 461, 474, 178], [219, 551, 104, 75], [316, 544, 53, 73], [209, 454, 57, 56], [264, 439, 49, 66], [304, 500, 67, 49], [256, 448, 43, 108], [151, 547, 90, 47], [262, 565, 49, 44]]}, {"refexp_id": 102, "annotation_id": 381043, "predicted_bounding_boxes": [[304, 500, 67, 49], [262, 565, 49, 44], [170, 593, 83, 42], [151, 547, 90, 47], [256, 448, 43, 108], [264, 439, 49, 66], [316, 544, 53, 73], [219, 551, 104, 75], [310, 516, 105, 87], [209, 454, 57, 56], [5, 461, 474, 178]]}, {"refexp_id": 105, "annotation_id": 100704, "predicted_bounding_boxes": [[66, 143, 416, 493], [60, 182, 89, 123], [266, 163, 102, 84], [264, 164, 213, 155]]}, {"refexp_id": 106, "annotation_id": 100704, "predicted_bounding_boxes": [[266, 163, 102, 84], [66, 143, 416, 493], [60, 182, 89, 123], [264, 164, 213, 155]]}, {"refexp_id": 117, "annotation_id": 1667788, "predicted_bounding_boxes": [[377, 58, 130, 199], [429, 19, 213, 403], [184, 158, 94, 94], [184, 158, 94, 94], [4, 31, 213, 370], [274, 317, 38, 20], [274, 317, 38, 20], [184, 158, 94, 94], [146, 36, 132, 325], [413, 316, 71, 24]]}, {"refexp_id": 118, "annotation_id": 1667788, "predicted_bounding_boxes": [[4, 31, 213, 370], [274, 317, 38, 20], [146, 36, 132, 325], [184, 158, 94, 94], [377, 58, 130, 199], [413, 316, 71, 24], [429, 19, 213, 403], [274, 317, 38, 20], [184, 158, 94, 94], [184, 158, 94, 94]]}, {"refexp_id": 194, "annotation_id": 172040, "predicted_bounding_boxes": [[371, 77, 7, 10], [183, 98, 455, 196], [43, 154, 116, 131], [166, 198, 58, 57], [336, 212, 8, 24], [161, 191, 36, 46], [73, 174, 91, 82]]}, {"refexp_id": 195, "annotation_id": 172040, "predicted_bounding_boxes": [[73, 174, 91, 82], [166, 198, 58, 57], [43, 154, 116, 131], [371, 77, 7, 10], [161, 191, 36, 46], [336, 212, 8, 24], [183, 98, 455, 196]]}, {"refexp_id": 210, "annotation_id": 29589, "predicted_bounding_boxes": [[22, 179, 314, 69], [615, 116, 25, 64], [257, 167, 88, 22], [252, 177, 103, 22], [14, 18, 221, 178], [2, 187, 61, 44], [297, 93, 88, 72], [287, 95, 97, 97], [489, 64, 25, 78], [202, 248, 86, 120], [274, 153, 152, 196], [337, 148, 73, 107]]}, {"refexp_id": 211, "annotation_id": 29589, "predicted_bounding_boxes": [[257, 167, 88, 22], [22, 179, 314, 69], [14, 18, 221, 178], [297, 93, 88, 72], [489, 64, 25, 78], [2, 187, 61, 44], [287, 95, 97, 97], [337, 148, 73, 107], [274, 153, 152, 196], [202, 248, 86, 120], [252, 177, 103, 22], [615, 116, 25, 64]]}, {"refexp_id": 230, "annotation_id": 1957469, "predicted_bounding_boxes": [[0, 1, 375, 500], [2, 204, 141, 173], [0, 63, 372, 436], [213, 281, 154, 119]]}, {"refexp_id": 231, "annotation_id": 1957469, "predicted_bounding_boxes": [[213, 281, 154, 119], [0, 63, 372, 436], [2, 204, 141, 173], [0, 1, 375, 500]]}, {"refexp_id": 236, "annotation_id": 438539, "predicted_bounding_boxes": [[183, 76, 196, 180]]}, {"refexp_id": 237, "annotation_id": 438539, "predicted_bounding_boxes": [[183, 76, 196, 180]]}, {"refexp_id": 265, "annotation_id": 432201, "predicted_bounding_boxes": [[291, 332, 331, 96], [345, 123, 128, 219], [369, 110, 231, 311], [418, 121, 114, 139]]}, {"refexp_id": 266, "annotation_id": 432201, "predicted_bounding_boxes": [[369, 110, 231, 311], [418, 121, 114, 139], [291, 332, 331, 96], [345, 123, 128, 219]]}, {"refexp_id": 276, "annotation_id": 79063, "predicted_bounding_boxes": [[5, 190, 124, 151], [232, 120, 24, 56], [577, 111, 64, 116], [445, 169, 162, 199], [93, 327, 266, 142], [245, 130, 12, 34], [21, 312, 598, 167], [93, 327, 266, 142], [468, 220, 132, 150], [350, 69, 119, 260], [93, 327, 266, 142]]}, {"refexp_id": 277, "annotation_id": 79063, "predicted_bounding_boxes": [[577, 111, 64, 116], [93, 327, 266, 142], [5, 190, 124, 151], [350, 69, 119, 260], [245, 130, 12, 34], [445, 169, 162, 199], [93, 327, 266, 142], [232, 120, 24, 56], [93, 327, 266, 142], [21, 312, 598, 167], [468, 220, 132, 150]]}, {"refexp_id": 296, "annotation_id": 418173, "predicted_bounding_boxes": [[284, -1, 200, 318], [3, 8, 187, 327], [197, 23, 59, 117], [260, 3, 119, 255]]}, {"refexp_id": 297, "annotation_id": 418173, "predicted_bounding_boxes": [[3, 8, 187, 327], [284, -1, 200, 318], [197, 23, 59, 117], [260, 3, 119, 255]]}, {"refexp_id": 304, "annotation_id": 1387963, "predicted_bounding_boxes": [[156, 76, 99, 42], [389, 82, 38, 75], [272, 70, 72, 38], [355, 69, 55, 25], [347, 73, 37, 18], [15, 365, 160, 145]]}, {"refexp_id": 305, "annotation_id": 1387963, "predicted_bounding_boxes": [[15, 365, 160, 145], [389, 82, 38, 75], [355, 69, 55, 25], [272, 70, 72, 38], [347, 73, 37, 18], [156, 76, 99, 42]]}, {"refexp_id": 324, "annotation_id": 207320, "predicted_bounding_boxes": [[169, 41, 114, 67], [2, 1, 639, 478], [344, 0, 293, 248], [32, 250, 112, 140], [206, 230, 31, 47], [236, 440, 23, 10], [214, 255, 90, 94], [355, 0, 265, 110], [219, 220, 32, 63], [210, 243, 10, 25]]}, {"refexp_id": 325, "annotation_id": 207320, "predicted_bounding_boxes": [[32, 250, 112, 140], [206, 230, 31, 47], [214, 255, 90, 94], [210, 243, 10, 25], [355, 0, 265, 110], [219, 220, 32, 63], [236, 440, 23, 10], [344, 0, 293, 248], [2, 1, 639, 478], [169, 41, 114, 67]]}, {"refexp_id": 330, "annotation_id": 157059, "predicted_bounding_boxes": [[169, 275, 25, 44], [579, 128, 64, 128], [0, 105, 633, 209], [349, 246, 149, 55], [0, 144, 257, 165]]}, {"refexp_id": 331, "annotation_id": 157059, "predicted_bounding_boxes": [[579, 128, 64, 128], [0, 105, 633, 209], [169, 275, 25, 44], [0, 144, 257, 165], [349, 246, 149, 55]]}, {"refexp_id": 332, "annotation_id": 590216, "predicted_bounding_boxes": [[478, 121, 162, 155], [114, 187, 143, 157], [81, 195, 289, 227]]}, {"refexp_id": 333, "annotation_id": 590216, "predicted_bounding_boxes": [[478, 121, 162, 155], [114, 187, 143, 157], [81, 195, 289, 227]]}, {"refexp_id": 390, "annotation_id": 522176, "predicted_bounding_boxes": [[435, 215, 77, 127], [33, 377, 608, 51], [412, 211, 200, 166], [371, 198, 142, 228], [109, 52, 276, 375], [422, 380, 193, 45]]}, {"refexp_id": 391, "annotation_id": 522176, "predicted_bounding_boxes": [[371, 198, 142, 228], [109, 52, 276, 375], [422, 380, 193, 45], [33, 377, 608, 51], [435, 215, 77, 127], [412, 211, 200, 166]]}, {"refexp_id": 392, "annotation_id": 225363, "predicted_bounding_boxes": [[519, 276, 33, 22], [288, 211, 39, 40], [288, 199, 71, 145], [450, 246, 60, 38], [359, 297, 39, 29], [11, 193, 638, 133], [395, 244, 34, 24], [366, 225, 48, 35], [560, 211, 81, 76], [363, 216, 37, 30], [357, 239, 55, 42], [157, 277, 21, 27], [406, 225, 44, 27], [385, 293, 99, 128], [298, 314, 115, 110], [452, 283, 175, 144], [-1, 292, 142, 124], [379, 285, 39, 34], [271, 276, 35, 44], [282, 229, 42, 26], [149, 266, 38, 32], [566, 212, 73, 48], [155, 267, 34, 85]]}, {"refexp_id": 393, "annotation_id": 225363, "predicted_bounding_boxes": [[359, 297, 39, 29], [566, 212, 73, 48], [298, 314, 115, 110], [-1, 292, 142, 124], [288, 199, 71, 145], [157, 277, 21, 27], [149, 266, 38, 32], [282, 229, 42, 26], [271, 276, 35, 44], [357, 239, 55, 42], [450, 246, 60, 38], [395, 244, 34, 24], [560, 211, 81, 76], [11, 193, 638, 133], [366, 225, 48, 35], [155, 267, 34, 85], [519, 276, 33, 22], [288, 211, 39, 40], [379, 285, 39, 34], [406, 225, 44, 27], [452, 283, 175, 144], [363, 216, 37, 30], [385, 293, 99, 128]]}, {"refexp_id": 407, "annotation_id": 453508, "predicted_bounding_boxes": [[299, 381, 321, 90], [597, 372, 42, 18], [102, 124, 149, 133], [568, 153, 32, 99], [379, 380, 104, 36], [332, 92, 37, 113], [301, 218, 183, 150]]}, {"refexp_id": 408, "annotation_id": 453508, "predicted_bounding_boxes": [[332, 92, 37, 113], [102, 124, 149, 133], [301, 218, 183, 150], [597, 372, 42, 18], [568, 153, 32, 99], [299, 381, 321, 90], [379, 380, 104, 36]]}, {"refexp_id": 414, "annotation_id": 1468559, "predicted_bounding_boxes": [[188, 13, 29, 37], [192, 266, 19, 26], [131, 215, 499, 196], [67, 282, 11, 17]]}, {"refexp_id": 415, "annotation_id": 1468559, "predicted_bounding_boxes": [[192, 266, 19, 26], [131, 215, 499, 196], [188, 13, 29, 37], [67, 282, 11, 17]]}, {"refexp_id": 420, "annotation_id": 2149160, "predicted_bounding_boxes": [[550, 225, 90, 143], [261, 7, 123, 201], [2, 154, 298, 153], [261, 7, 123, 201], [42, 193, 173, 173], [556, 214, 84, 260], [3, 231, 185, 254]]}, {"refexp_id": 421, "annotation_id": 2149160, "predicted_bounding_boxes": [[42, 193, 173, 173], [556, 214, 84, 260], [550, 225, 90, 143], [261, 7, 123, 201], [2, 154, 298, 153], [3, 231, 185, 254], [261, 7, 123, 201]]}, {"refexp_id": 428, "annotation_id": 213657, "predicted_bounding_boxes": [[264, 221, 19, 27], [2, 165, 118, 178], [248, 225, 23, 28], [3, 166, 82, 90], [253, 15, 24, 25], [520, 233, 122, 194], [269, 185, 111, 70], [253, 15, 24, 25], [245, 239, 85, 133], [165, 145, 29, 28], [153, 181, 89, 145], [332, 59, 181, 198], [153, 130, 58, 43], [253, 15, 24, 25], [468, 190, 169, 153], [238, 174, 140, 224], [252, 213, 38, 97]]}, {"refexp_id": 429, "annotation_id": 213657, "predicted_bounding_boxes": [[248, 225, 23, 28], [238, 174, 140, 224], [520, 233, 122, 194], [332, 59, 181, 198], [153, 181, 89, 145], [253, 15, 24, 25], [253, 15, 24, 25], [264, 221, 19, 27], [153, 130, 58, 43], [245, 239, 85, 133], [252, 213, 38, 97], [253, 15, 24, 25], [3, 166, 82, 90], [468, 190, 169, 153], [269, 185, 111, 70], [165, 145, 29, 28], [2, 165, 118, 178]]}, {"refexp_id": 436, "annotation_id": 184108, "predicted_bounding_boxes": [[14, 330, 614, 127], [289, -7, 193, 421], [31, 368, 550, 92], [103, -4, 256, 400]]}, {"refexp_id": 437, "annotation_id": 184108, "predicted_bounding_boxes": [[14, 330, 614, 127], [103, -4, 256, 400], [289, -7, 193, 421], [31, 368, 550, 92]]}, {"refexp_id": 446, "annotation_id": 1048737, "predicted_bounding_boxes": [[269, 0, 113, 247], [253, 0, 380, 385], [192, 158, 152, 236], [1, 0, 639, 480], [414, 1, 224, 386]]}, {"refexp_id": 447, "annotation_id": 1048737, "predicted_bounding_boxes": [[414, 1, 224, 386], [269, 0, 113, 247], [192, 158, 152, 236], [253, 0, 380, 385], [1, 0, 639, 480]]}, {"refexp_id": 457, "annotation_id": 373989, "predicted_bounding_boxes": [[1, 4, 641, 475], [0, 28, 327, 390], [272, 27, 366, 356], [174, 326, 177, 154]]}, {"refexp_id": 458, "annotation_id": 373989, "predicted_bounding_boxes": [[0, 28, 327, 390], [174, 326, 177, 154], [272, 27, 366, 356], [1, 4, 641, 475]]}, {"refexp_id": 459, "annotation_id": 393345, "predicted_bounding_boxes": [[557, 8, 83, 170], [165, 310, 38, 45], [492, 4, 97, 182], [531, -1, 90, 104], [337, 310, 54, 50], [11, 417, 66, 57], [521, 332, 63, 56], [3, 59, 146, 166], [581, 318, 60, 111], [608, 321, 33, 40], [338, 391, 67, 43], [29, 392, 103, 80], [93, 312, 59, 48], [282, 269, 28, 67], [532, 356, 56, 41], [279, 309, 27, 48], [109, 308, 41, 49], [294, 8, 243, 329], [500, 54, 145, 289], [1, -1, 144, 228], [1, 267, 638, 214], [469, -7, 60, 63], [341, 304, 58, 47], [500, 54, 145, 289], [66, 57, 238, 285], [160, 315, 66, 44], [402, 2, 96, 56], [418, 406, 141, 72], [174, 300, 54, 41], [282, -1, 102, 255], [120, 336, 52, 54], [329, 395, 94, 69], [170, 295, 45, 32], [2, 303, 252, 177], [211, 364, 69, 49], [450, 5, 63, 136]]}, {"refexp_id": 460, "annotation_id": 393345, "predicted_bounding_boxes": [[109, 308, 41, 49], [469, -7, 60, 63], [282, 269, 28, 67], [11, 417, 66, 57], [2, 303, 252, 177], [3, 59, 146, 166], [450, 5, 63, 136], [279, 309, 27, 48], [402, 2, 96, 56], [174, 300, 54, 41], [341, 304, 58, 47], [1, -1, 144, 228], [282, -1, 102, 255], [29, 392, 103, 80], [160, 315, 66, 44], [581, 318, 60, 111], [500, 54, 145, 289], [557, 8, 83, 170], [492, 4, 97, 182], [66, 57, 238, 285], [532, 356, 56, 41], [1, 267, 638, 214], [294, 8, 243, 329], [521, 332, 63, 56], [531, -1, 90, 104], [93, 312, 59, 48], [608, 321, 33, 40], [329, 395, 94, 69], [165, 310, 38, 45], [338, 391, 67, 43], [120, 336, 52, 54], [337, 310, 54, 50], [418, 406, 141, 72], [211, 364, 69, 49], [500, 54, 145, 289], [170, 295, 45, 32]]}, {"refexp_id": 463, "annotation_id": 2166892, "predicted_bounding_boxes": [[1, 50, 200, 137], [-4, 83, 222, 190], [154, -1, 347, 141], [220, 141, 158, 116], [154, -1, 347, 141], [280, -6, 293, 149], [184, 103, 230, 370], [1, 50, 200, 137]]}, {"refexp_id": 464, "annotation_id": 2166892, "predicted_bounding_boxes": [[280, -6, 293, 149], [184, 103, 230, 370], [220, 141, 158, 116], [154, -1, 347, 141], [1, 50, 200, 137], [1, 50, 200, 137], [154, -1, 347, 141], [-4, 83, 222, 190]]}, {"refexp_id": 469, "annotation_id": 416004, "predicted_bounding_boxes": [[109, 276, 67, 149], [119, 182, 58, 55], [44, 184, 53, 50], [127, 290, 36, 83], [79, 165, 60, 58], [11, 320, 35, 81], [189, 14, 140, 461], [5, 183, 73, 67], [70, 186, 58, 62]]}, {"refexp_id": 470, "annotation_id": 416004, "predicted_bounding_boxes": [[109, 276, 67, 149], [44, 184, 53, 50], [127, 290, 36, 83], [119, 182, 58, 55], [70, 186, 58, 62], [79, 165, 60, 58], [5, 183, 73, 67], [189, 14, 140, 461], [11, 320, 35, 81]]}, {"refexp_id": 499, "annotation_id": 184959, "predicted_bounding_boxes": [[0, 334, 112, 148], [297, 329, 205, 134], [255, 344, 297, 130], [309, 315, 216, 144], [98, 245, 147, 124], [555, 309, 23, 25]]}, {"refexp_id": 500, "annotation_id": 184959, "predicted_bounding_boxes": [[255, 344, 297, 130], [309, 315, 216, 144], [0, 334, 112, 148], [297, 329, 205, 134], [555, 309, 23, 25], [98, 245, 147, 124]]}, {"refexp_id": 506, "annotation_id": 60468, "predicted_bounding_boxes": [[467, 265, 43, 106], [104, -2, 191, 366], [355, 1, 279, 368], [190, 2, 434, 371]]}, {"refexp_id": 507, "annotation_id": 60468, "predicted_bounding_boxes": [[104, -2, 191, 366], [467, 265, 43, 106], [190, 2, 434, 371], [355, 1, 279, 368]]}, {"refexp_id": 520, "annotation_id": 597582, "predicted_bounding_boxes": [[68, 164, 135, 179], [6, 64, 156, 325], [58, 88, 87, 165], [72, 174, 100, 83], [471, 180, 64, 160], [189, 118, 155, 251]]}, {"refexp_id": 521, "annotation_id": 597582, "predicted_bounding_boxes": [[189, 118, 155, 251], [68, 164, 135, 179], [58, 88, 87, 165], [471, 180, 64, 160], [72, 174, 100, 83], [6, 64, 156, 325]]}, {"refexp_id": 531, "annotation_id": 499287, "predicted_bounding_boxes": [[297, 93, 90, 162], [315, -2, 184, 257], [14, 55, 162, 308], [0, 106, 99, 148], [182, 49, 154, 323]]}, {"refexp_id": 532, "annotation_id": 499287, "predicted_bounding_boxes": [[315, -2, 184, 257], [297, 93, 90, 162], [182, 49, 154, 323], [0, 106, 99, 148], [14, 55, 162, 308]]}, {"refexp_id": 550, "annotation_id": 26893, "predicted_bounding_boxes": [[36, 284, 94, 62], [323, 141, 92, 207], [21, 159, 105, 186], [387, 93, 81, 165], [353, 258, 44, 55], [328, 119, 77, 137], [21, 152, 92, 191], [36, 284, 94, 62], [23, 289, 75, 55], [260, 166, 75, 91], [51, 162, 90, 97], [254, 160, 107, 193]]}, {"refexp_id": 551, "annotation_id": 26893, "predicted_bounding_boxes": [[323, 141, 92, 207], [21, 152, 92, 191], [23, 289, 75, 55], [328, 119, 77, 137], [36, 284, 94, 62], [51, 162, 90, 97], [260, 166, 75, 91], [353, 258, 44, 55], [254, 160, 107, 193], [21, 159, 105, 186], [387, 93, 81, 165], [36, 284, 94, 62]]}, {"refexp_id": 556, "annotation_id": 1720455, "predicted_bounding_boxes": [[262, 198, 64, 54], [56, 361, 71, 151], [407, 396, 69, 203]]}, {"refexp_id": 557, "annotation_id": 1720455, "predicted_bounding_boxes": [[262, 198, 64, 54], [56, 361, 71, 151], [407, 396, 69, 203]]}, {"refexp_id": 569, "annotation_id": 108052, "predicted_bounding_boxes": [[112, 186, 50, 67], [295, 216, 211, 101], [333, 202, 295, 180], [242, 194, 58, 89], [17, 223, 138, 132], [319, 87, 73, 94], [113, 179, 139, 140]]}, {"refexp_id": 570, "annotation_id": 108052, "predicted_bounding_boxes": [[319, 87, 73, 94], [333, 202, 295, 180], [17, 223, 138, 132], [113, 179, 139, 140], [242, 194, 58, 89], [295, 216, 211, 101], [112, 186, 50, 67]]}, {"refexp_id": 573, "annotation_id": 115801, "predicted_bounding_boxes": [[2, 192, 49, 86], [442, 134, 194, 138], [424, 158, 90, 119], [89, 173, 166, 158], [2, 174, 19, 41], [433, 162, 83, 93], [87, 126, 170, 207], [179, 102, 76, 119], [419, 147, 213, 105], [553, 165, 86, 165], [424, 158, 90, 119]]}, {"refexp_id": 574, "annotation_id": 115801, "predicted_bounding_boxes": [[2, 192, 49, 86], [433, 162, 83, 93], [424, 158, 90, 119], [87, 126, 170, 207], [442, 134, 194, 138], [424, 158, 90, 119], [2, 174, 19, 41], [419, 147, 213, 105], [179, 102, 76, 119], [89, 173, 166, 158], [553, 165, 86, 165]]}, {"refexp_id": 611, "annotation_id": 209697, "predicted_bounding_boxes": [[227, 194, 29, 122], [148, 43, 117, 282], [230, 38, 269, 336], [193, 194, 45, 130], [-2, 0, 200, 373]]}, {"refexp_id": 612, "annotation_id": 209697, "predicted_bounding_boxes": [[230, 38, 269, 336], [227, 194, 29, 122], [-2, 0, 200, 373], [193, 194, 45, 130], [148, 43, 117, 282]]}, {"refexp_id": 644, "annotation_id": 1445846, "predicted_bounding_boxes": [[19, 189, 245, 293], [32, 178, 224, 192], [508, 110, 13, 34], [32, 178, 224, 192], [167, 51, 216, 205], [416, 224, 97, 145], [157, 21, 298, 456], [423, 191, 217, 288]]}, {"refexp_id": 645, "annotation_id": 1445846, "predicted_bounding_boxes": [[157, 21, 298, 456], [32, 178, 224, 192], [19, 189, 245, 293], [416, 224, 97, 145], [508, 110, 13, 34], [32, 178, 224, 192], [167, 51, 216, 205], [423, 191, 217, 288]]}, {"refexp_id": 658, "annotation_id": 473510, "predicted_bounding_boxes": [[0, 0, 255, 257], [157, 227, 74, 114], [0, 0, 500, 423], [27, 231, 77, 101]]}, {"refexp_id": 659, "annotation_id": 473510, "predicted_bounding_boxes": [[27, 231, 77, 101], [0, 0, 255, 257], [157, 227, 74, 114], [0, 0, 500, 423]]}, {"refexp_id": 662, "annotation_id": 479787, "predicted_bounding_boxes": [[295, 54, 133, 130], [44, 198, 205, 362], [45, 42, 215, 463], [44, 198, 205, 362], [283, 6, 223, 329]]}, {"refexp_id": 663, "annotation_id": 479787, "predicted_bounding_boxes": [[45, 42, 215, 463], [295, 54, 133, 130], [283, 6, 223, 329], [44, 198, 205, 362], [44, 198, 205, 362]]}, {"refexp_id": 708, "annotation_id": 381178, "predicted_bounding_boxes": [[10, 419, 123, 75], [3, 311, 116, 94], [211, 342, 87, 40], [313, 438, 108, 71], [317, 217, 20, 31], [108, 315, 37, 14], [390, 318, 34, 57]]}, {"refexp_id": 709, "annotation_id": 381178, "predicted_bounding_boxes": [[10, 419, 123, 75], [317, 217, 20, 31], [211, 342, 87, 40], [3, 311, 116, 94], [313, 438, 108, 71], [390, 318, 34, 57], [108, 315, 37, 14]]}, {"refexp_id": 718, "annotation_id": 455625, "predicted_bounding_boxes": [[311, 252, 20, 80], [80, 2, 122, 254], [235, 436, 83, 64], [263, 264, 44, 103], [292, 271, 38, 97], [73, 197, 260, 303], [267, 257, 25, 41], [243, 318, 50, 54], [275, 458, 47, 41], [273, 218, 31, 38], [291, 218, 25, 24], [4, 4, 198, 495], [210, 291, 42, 61], [249, 270, 28, 44], [313, 251, 18, 28], [239, 295, 52, 60], [164, 224, 85, 60]]}, {"refexp_id": 719, "annotation_id": 455625, "predicted_bounding_boxes": [[263, 264, 44, 103], [267, 257, 25, 41], [210, 291, 42, 61], [311, 252, 20, 80], [73, 197, 260, 303], [4, 4, 198, 495], [273, 218, 31, 38], [80, 2, 122, 254], [249, 270, 28, 44], [275, 458, 47, 41], [292, 271, 38, 97], [313, 251, 18, 28], [239, 295, 52, 60], [235, 436, 83, 64], [164, 224, 85, 60], [291, 218, 25, 24], [243, 318, 50, 54]]}, {"refexp_id": 739, "annotation_id": 638442, "predicted_bounding_boxes": [[2, 265, 428, 369], [44, 403, 204, 110], [50, 175, 374, 461], [400, 246, 30, 136]]}, {"refexp_id": 740, "annotation_id": 638442, "predicted_bounding_boxes": [[2, 265, 428, 369], [44, 403, 204, 110], [50, 175, 374, 461], [400, 246, 30, 136]]}, {"refexp_id": 743, "annotation_id": 589064, "predicted_bounding_boxes": [[570, 114, 70, 203], [223, 156, 156, 187]]}, {"refexp_id": 744, "annotation_id": 589064, "predicted_bounding_boxes": [[223, 156, 156, 187], [570, 114, 70, 203]]}, {"refexp_id": 760, "annotation_id": 1744784, "predicted_bounding_boxes": [[0, 148, 75, 109], [172, 98, 200, 113], [425, 86, 130, 506], [107, 268, 82, 112], [316, 335, 70, 35], [107, 268, 82, 112], [0, 127, 52, 154], [96, 269, 185, 334], [111, 224, 226, 377], [174, 289, 97, 193], [387, 440, 74, 144], [266, 327, 201, 279], [89, 193, 236, 105], [387, 446, 69, 128], [261, 351, 124, 136]]}, {"refexp_id": 761, "annotation_id": 1744784, "predicted_bounding_boxes": [[96, 269, 185, 334], [0, 148, 75, 109], [261, 351, 124, 136], [266, 327, 201, 279], [0, 127, 52, 154], [387, 446, 69, 128], [111, 224, 226, 377], [174, 289, 97, 193], [172, 98, 200, 113], [316, 335, 70, 35], [89, 193, 236, 105], [425, 86, 130, 506], [107, 268, 82, 112], [107, 268, 82, 112], [387, 440, 74, 144]]}, {"refexp_id": 762, "annotation_id": 1625095, "predicted_bounding_boxes": [[171, 153, 120, 315], [200, 157, 56, 211], [308, 189, 160, 181]]}, {"refexp_id": 763, "annotation_id": 1625095, "predicted_bounding_boxes": [[171, 153, 120, 315], [308, 189, 160, 181], [200, 157, 56, 211]]}, {"refexp_id": 778, "annotation_id": 1085309, "predicted_bounding_boxes": [[83, 49, 173, 208], [9, 4, 456, 576]]}, {"refexp_id": 779, "annotation_id": 1085309, "predicted_bounding_boxes": [[83, 49, 173, 208], [9, 4, 456, 576]]}, {"refexp_id": 826, "annotation_id": 443556, "predicted_bounding_boxes": [[93, 240, 165, 112], [186, 225, 142, 39], [201, 121, 56, 132]]}, {"refexp_id": 827, "annotation_id": 443556, "predicted_bounding_boxes": [[93, 240, 165, 112], [186, 225, 142, 39], [201, 121, 56, 132]]}, {"refexp_id": 840, "annotation_id": 1069026, "predicted_bounding_boxes": [[202, 316, 356, 108], [318, 114, 65, 165], [392, -3, 242, 298], [202, 316, 356, 108], [54, 184, 197, 158], [305, 9, 208, 245], [548, 1, 93, 255], [311, 39, 104, 89], [60, 281, 564, 147]]}, {"refexp_id": 841, "annotation_id": 1069026, "predicted_bounding_boxes": [[202, 316, 356, 108], [202, 316, 356, 108], [548, 1, 93, 255], [392, -3, 242, 298], [318, 114, 65, 165], [311, 39, 104, 89], [305, 9, 208, 245], [54, 184, 197, 158], [60, 281, 564, 147]]}, {"refexp_id": 853, "annotation_id": 205373, "predicted_bounding_boxes": [[174, 286, 87, 194], [375, 379, 103, 132], [218, 390, 232, 246], [1, 339, 211, 304], [247, 382, 159, 252]]}, {"refexp_id": 854, "annotation_id": 205373, "predicted_bounding_boxes": [[174, 286, 87, 194], [1, 339, 211, 304], [218, 390, 232, 246], [247, 382, 159, 252], [375, 379, 103, 132]]}, {"refexp_id": 883, "annotation_id": 192463, "predicted_bounding_boxes": [[181, -1, 317, 428], [89, 363, 124, 65], [572, 241, 69, 184], [190, 303, 33, 61], [217, 321, 29, 46], [0, 230, 99, 196], [177, 294, 12, 42], [177, 294, 12, 42], [208, 294, 14, 41], [101, 65, 4, 23], [332, 25, 29, 32], [217, 321, 29, 46], [117, 64, 9, 26], [1, 327, 94, 96], [236, 355, 29, 19], [199, 297, 17, 47], [215, 340, 52, 30], [177, 288, 22, 71], [477, 209, 145, 214]]}, {"refexp_id": 884, "annotation_id": 192463, "predicted_bounding_boxes": [[199, 297, 17, 47], [177, 294, 12, 42], [208, 294, 14, 41], [236, 355, 29, 19], [332, 25, 29, 32], [101, 65, 4, 23], [181, -1, 317, 428], [0, 230, 99, 196], [117, 64, 9, 26], [572, 241, 69, 184], [477, 209, 145, 214], [190, 303, 33, 61], [217, 321, 29, 46], [217, 321, 29, 46], [1, 327, 94, 96], [177, 288, 22, 71], [177, 294, 12, 42], [89, 363, 124, 65], [215, 340, 52, 30]]}, {"refexp_id": 900, "annotation_id": 1620331, "predicted_bounding_boxes": [[0, 0, 256, 256], [156, 2, 346, 372]]}, {"refexp_id": 901, "annotation_id": 1620331, "predicted_bounding_boxes": [[156, 2, 346, 372], [0, 0, 256, 256]]}, {"refexp_id": 945, "annotation_id": 474228, "predicted_bounding_boxes": [[64, 228, 108, 268], [112, 303, 143, 197], [119, 231, 38, 58]]}, {"refexp_id": 946, "annotation_id": 474228, "predicted_bounding_boxes": [[119, 231, 38, 58], [112, 303, 143, 197], [64, 228, 108, 268]]}, {"refexp_id": 971, "annotation_id": 1932002, "predicted_bounding_boxes": [[184, 350, 73, 127], [16, 165, 103, 309], [432, 99, 198, 383], [295, 358, 97, 118], [124, 225, 22, 24]]}, {"refexp_id": 981, "annotation_id": 365993, "predicted_bounding_boxes": [[6, 1, 215, 145]]}, {"refexp_id": 982, "annotation_id": 365993, "predicted_bounding_boxes": [[6, 1, 215, 145]]}, {"refexp_id": 987, "annotation_id": 522995, "predicted_bounding_boxes": [[136, 117, 69, 140], [313, 78, 122, 267], [305, 206, 42, 17], [55, 125, 135, 129], [281, 201, 81, 28], [297, 79, 82, 170]]}, {"refexp_id": 988, "annotation_id": 522995, "predicted_bounding_boxes": [[281, 201, 81, 28], [136, 117, 69, 140], [305, 206, 42, 17], [55, 125, 135, 129], [297, 79, 82, 170], [313, 78, 122, 267]]}, {"refexp_id": 1034, "annotation_id": 108494, "predicted_bounding_boxes": [[362, 275, 25, 36], [70, 279, 118, 92], [303, 198, 34, 83], [150, 166, 52, 89], [241, 204, 75, 53], [286, 114, 79, 157], [258, 185, 54, 67], [24, 268, 156, 104], [172, 218, 77, 155], [323, 186, 32, 85], [10, 289, 121, 81]]}, {"refexp_id": 1035, "annotation_id": 108494, "predicted_bounding_boxes": [[258, 185, 54, 67], [241, 204, 75, 53], [303, 198, 34, 83], [24, 268, 156, 104], [10, 289, 121, 81], [70, 279, 118, 92], [172, 218, 77, 155], [323, 186, 32, 85], [286, 114, 79, 157], [362, 275, 25, 36], [150, 166, 52, 89]]}, {"refexp_id": 1055, "annotation_id": 587642, "predicted_bounding_boxes": [[186, 26, 450, 287], [248, 220, 135, 138], [92, 221, 142, 148], [109, 218, 234, 155], [159, 68, 224, 189]]}, {"refexp_id": 1056, "annotation_id": 587642, "predicted_bounding_boxes": [[248, 220, 135, 138], [92, 221, 142, 148], [159, 68, 224, 189], [109, 218, 234, 155], [186, 26, 450, 287]]}, {"refexp_id": 1071, "annotation_id": 2061563, "predicted_bounding_boxes": [[3, 174, 132, 192], [28, 183, 235, 288], [350, 257, 39, 27], [329, 203, 20, 46], [303, 250, 16, 36], [108, 105, 31, 24], [216, 112, 90, 164], [299, 222, 24, 76], [348, 97, 21, 18], [284, 215, 26, 31], [318, 71, 19, 24], [174, 119, 89, 147], [3, 174, 132, 192], [314, 66, 29, 41], [366, 324, 145, 155], [372, 184, 19, 35], [415, 109, 150, 244], [341, 167, 215, 309], [201, 110, 26, 22], [370, 106, 140, 148], [292, 197, 22, 30], [116, 139, 138, 226], [217, 96, 23, 25], [93, 296, 156, 184], [353, 216, 23, 26], [282, 228, 28, 73], [329, 107, 62, 123], [403, 191, 34, 44], [320, 96, 24, 22], [302, 232, 16, 39], [261, 78, 105, 179], [48, 140, 265, 335], [186, 213, 200, 154], [200, 70, 39, 36]]}, {"refexp_id": 1072, "annotation_id": 2061563, "predicted_bounding_boxes": [[108, 105, 31, 24], [350, 257, 39, 27], [329, 107, 62, 123], [284, 215, 26, 31], [372, 184, 19, 35], [292, 197, 22, 30], [303, 250, 16, 36], [216, 112, 90, 164], [3, 174, 132, 192], [186, 213, 200, 154], [318, 71, 19, 24], [370, 106, 140, 148], [341, 167, 215, 309], [174, 119, 89, 147], [320, 96, 24, 22], [415, 109, 150, 244], [3, 174, 132, 192], [302, 232, 16, 39], [28, 183, 235, 288], [329, 203, 20, 46], [217, 96, 23, 25], [314, 66, 29, 41], [116, 139, 138, 226], [261, 78, 105, 179], [403, 191, 34, 44], [282, 228, 28, 73], [348, 97, 21, 18], [200, 70, 39, 36], [353, 216, 23, 26], [201, 110, 26, 22], [366, 324, 145, 155], [299, 222, 24, 76], [48, 140, 265, 335], [93, 296, 156, 184]]}, {"refexp_id": 1095, "annotation_id": 1965216, "predicted_bounding_boxes": [[36, 229, 466, 251], [11, 0, 122, 107], [36, 224, 397, 253], [234, 0, 122, 205], [460, 17, 163, 162], [387, 129, 248, 180], [529, 20, 112, 140], [45, 0, 221, 233], [366, 6, 112, 24], [247, 33, 129, 195], [2, 1, 639, 479], [41, 54, 189, 178]]}, {"refexp_id": 1098, "annotation_id": 1577240, "predicted_bounding_boxes": [[289, 281, 58, 57], [274, 298, 110, 128], [399, 269, 106, 73], [0, 0, 641, 429], [215, 320, 32, 60], [170, 121, 20, 39], [192, 322, 31, 62], [209, 323, 77, 97]]}, {"refexp_id": 1139, "annotation_id": 2174167, "predicted_bounding_boxes": []}, {"refexp_id": 1140, "annotation_id": 2174167, "predicted_bounding_boxes": []}, {"refexp_id": 1162, "annotation_id": 1821404, "predicted_bounding_boxes": [[329, 8, 292, 282], [8, 2, 220, 291], [75, 1, 179, 255], [75, 1, 179, 255], [46, 2, 208, 254], [0, 0, 68, 256], [336, 15, 177, 243]]}, {"refexp_id": 1163, "annotation_id": 1821404, "predicted_bounding_boxes": [[336, 15, 177, 243], [75, 1, 179, 255], [8, 2, 220, 291], [0, 0, 68, 256], [329, 8, 292, 282], [46, 2, 208, 254], [75, 1, 179, 255]]}, {"refexp_id": 1232, "annotation_id": 379937, "predicted_bounding_boxes": [[82, 222, 82, 38], [360, 366, 181, 177], [-2, 23, 169, 574], [422, 0, 29, 40], [0, 0, 555, 605], [381, 1, 41, 67], [360, 6, 33, 86]]}, {"refexp_id": 1233, "annotation_id": 379937, "predicted_bounding_boxes": [[-2, 23, 169, 574], [82, 222, 82, 38], [381, 1, 41, 67], [422, 0, 29, 40], [0, 0, 555, 605], [360, 366, 181, 177], [360, 6, 33, 86]]}, {"refexp_id": 1238, "annotation_id": 1091513, "predicted_bounding_boxes": [[258, 141, 344, 467], [461, 355, 78, 44], [230, 263, 71, 52], [464, 354, 80, 39], [461, 355, 78, 44], [464, 354, 80, 39]]}, {"refexp_id": 1239, "annotation_id": 1091513, "predicted_bounding_boxes": [[230, 263, 71, 52], [464, 354, 80, 39], [464, 354, 80, 39], [461, 355, 78, 44], [258, 141, 344, 467], [461, 355, 78, 44]]}, {"refexp_id": 1241, "annotation_id": 1098398, "predicted_bounding_boxes": [[119, 42, 226, 153], [179, 213, 205, 155], [170, 159, 83, 39], [421, 32, 73, 94], [287, 76, 97, 150], [130, 177, 32, 26], [416, 118, 185, 140], [451, 300, 181, 176], [10, 339, 155, 140]]}, {"refexp_id": 1242, "annotation_id": 1098398, "predicted_bounding_boxes": [[287, 76, 97, 150], [421, 32, 73, 94], [179, 213, 205, 155], [451, 300, 181, 176], [130, 177, 32, 26], [119, 42, 226, 153], [170, 159, 83, 39], [416, 118, 185, 140], [10, 339, 155, 140]]}, {"refexp_id": 1265, "annotation_id": 397485, "predicted_bounding_boxes": [[-1, 166, 166, 134], [236, 70, 142, 354], [0, 165, 163, 141], [157, 48, 69, 87], [206, 194, 59, 55], [148, 170, 17, 22], [217, 197, 61, 59], [386, 103, 10, 30], [223, 185, 34, 36], [142, 198, 16, 30], [19, 200, 107, 72], [270, 125, 109, 130], [403, 61, 23, 42]]}, {"refexp_id": 1266, "annotation_id": 397485, "predicted_bounding_boxes": [[270, 125, 109, 130], [142, 198, 16, 30], [223, 185, 34, 36], [217, 197, 61, 59], [403, 61, 23, 42], [19, 200, 107, 72], [386, 103, 10, 30], [157, 48, 69, 87], [206, 194, 59, 55], [0, 165, 163, 141], [-1, 166, 166, 134], [236, 70, 142, 354], [148, 170, 17, 22]]}, {"refexp_id": 1293, "annotation_id": 196399, "predicted_bounding_boxes": [[367, 86, 259, 339], [5, 369, 241, 253], [354, 316, 28, 47], [105, 246, 127, 159], [327, 300, 11, 12], [536, 157, 103, 253], [255, 139, 83, 118], [3, 328, 276, 297], [327, 300, 11, 12], [235, 118, 117, 271], [391, 88, 89, 167], [337, 312, 29, 36], [367, 86, 259, 339], [372, 61, 133, 341]]}, {"refexp_id": 1312, "annotation_id": 596130, "predicted_bounding_boxes": [[4, 116, 182, 357], [301, 302, 339, 185]]}, {"refexp_id": 1313, "annotation_id": 596130, "predicted_bounding_boxes": [[4, 116, 182, 357], [301, 302, 339, 185]]}, {"refexp_id": 1318, "annotation_id": 1956039, "predicted_bounding_boxes": [[346, 249, 292, 215], [353, 331, 265, 136], [45, 128, 54, 81], [132, 385, 102, 77], [225, 273, 128, 178]]}, {"refexp_id": 1319, "annotation_id": 1956039, "predicted_bounding_boxes": [[346, 249, 292, 215], [132, 385, 102, 77], [225, 273, 128, 178], [353, 331, 265, 136], [45, 128, 54, 81]]}, {"refexp_id": 1355, "annotation_id": 1534158, "predicted_bounding_boxes": [[73, 398, 51, 56], [73, 398, 51, 56], [317, 17, 300, 232], [0, 0, 256, 232], [213, 424, 65, 51], [7, 169, 358, 311], [0, 0, 641, 481], [251, 312, 78, 106], [279, 339, 43, 65], [336, 63, 177, 190], [100, 294, 32, 68], [336, 63, 177, 190], [40, 292, 93, 124]]}, {"refexp_id": 1356, "annotation_id": 1534158, "predicted_bounding_boxes": [[317, 17, 300, 232], [100, 294, 32, 68], [73, 398, 51, 56], [251, 312, 78, 106], [0, 0, 641, 481], [213, 424, 65, 51], [279, 339, 43, 65], [7, 169, 358, 311], [73, 398, 51, 56], [0, 0, 256, 232], [40, 292, 93, 124], [336, 63, 177, 190], [336, 63, 177, 190]]}, {"refexp_id": 1367, "annotation_id": 1152377, "predicted_bounding_boxes": [[77, 186, 251, 177], [292, 68, 209, 283], [305, 175, 195, 171], [8, 50, 490, 321]]}, {"refexp_id": 1368, "annotation_id": 1152377, "predicted_bounding_boxes": [[292, 68, 209, 283], [8, 50, 490, 321], [77, 186, 251, 177], [305, 175, 195, 171]]}, {"refexp_id": 1369, "annotation_id": 536186, "predicted_bounding_boxes": [[0, 105, 52, 141], [249, 221, 118, 164], [241, 53, 233, 584], [8, 93, 252, 548], [329, 0, 151, 141], [244, 200, 175, 430]]}, {"refexp_id": 1370, "annotation_id": 536186, "predicted_bounding_boxes": [[244, 200, 175, 430], [249, 221, 118, 164], [0, 105, 52, 141], [8, 93, 252, 548], [329, 0, 151, 141], [241, 53, 233, 584]]}, {"refexp_id": 1371, "annotation_id": 1084979, "predicted_bounding_boxes": [[2, 141, 392, 306], [106, 0, 149, 147], [45, 0, 264, 100], [0, 1, 640, 443], [3, 118, 402, 327], [429, 82, 212, 154], [454, 66, 193, 141], [2, 141, 392, 306]]}, {"refexp_id": 1372, "annotation_id": 1084979, "predicted_bounding_boxes": [[2, 141, 392, 306], [106, 0, 149, 147], [454, 66, 193, 141], [429, 82, 212, 154], [0, 1, 640, 443], [45, 0, 264, 100], [3, 118, 402, 327], [2, 141, 392, 306]]}, {"refexp_id": 1391, "annotation_id": 108076, "predicted_bounding_boxes": [[105, 208, 67, 52], [34, 228, 19, 17], [256, 131, 5, 15], [185, 147, 6, 17], [197, 98, 8, 21], [283, 240, 97, 187], [311, 123, 15, 18], [177, 151, 8, 23], [256, 131, 5, 15], [429, 270, 138, 159], [157, 199, 10, 20], [177, 151, 8, 23], [311, 123, 15, 18], [182, 201, 17, 26], [315, 266, 147, 164]]}, {"refexp_id": 1406, "annotation_id": 489574, "predicted_bounding_boxes": [[341, 233, 31, 113], [117, 260, 41, 181], [286, 179, 130, 463], [17, 121, 245, 520]]}, {"refexp_id": 1407, "annotation_id": 489574, "predicted_bounding_boxes": [[286, 179, 130, 463], [341, 233, 31, 113], [117, 260, 41, 181], [17, 121, 245, 520]]}, {"refexp_id": 1419, "annotation_id": 1651788, "predicted_bounding_boxes": [[432, 190, 208, 105], [1, 229, 256, 218], [22, 282, 171, 62], [2, 13, 136, 170], [9, 326, 118, 73], [82, 2, 364, 258], [0, 0, 639, 448], [473, 208, 167, 46]]}, {"refexp_id": 1420, "annotation_id": 1651788, "predicted_bounding_boxes": [[0, 0, 639, 448], [432, 190, 208, 105], [9, 326, 118, 73], [82, 2, 364, 258], [22, 282, 171, 62], [2, 13, 136, 170], [473, 208, 167, 46], [1, 229, 256, 218]]}, {"refexp_id": 1434, "annotation_id": 567255, "predicted_bounding_boxes": [[21, 450, 453, 187], [138, 165, 202, 350], [27, 301, 136, 333], [311, 324, 104, 187], [138, 165, 202, 350], [28, 513, 447, 124]]}, {"refexp_id": 1435, "annotation_id": 567255, "predicted_bounding_boxes": [[21, 450, 453, 187], [27, 301, 136, 333], [311, 324, 104, 187], [138, 165, 202, 350], [28, 513, 447, 124], [138, 165, 202, 350]]}, {"refexp_id": 1442, "annotation_id": 2165132, "predicted_bounding_boxes": [[72, 0, 184, 254], [349, 3, 276, 283], [160, 242, 86, 251], [93, 339, 95, 166], [1, 163, 63, 312], [335, 311, 74, 33], [368, 270, 90, 88], [22, 4, 261, 506]]}, {"refexp_id": 1443, "annotation_id": 2165132, "predicted_bounding_boxes": [[160, 242, 86, 251], [22, 4, 261, 506], [93, 339, 95, 166], [368, 270, 90, 88], [1, 163, 63, 312], [72, 0, 184, 254], [349, 3, 276, 283], [335, 311, 74, 33]]}, {"refexp_id": 1454, "annotation_id": 1081377, "predicted_bounding_boxes": [[0, -2, 181, 258], [162, 31, 218, 224]]}, {"refexp_id": 1455, "annotation_id": 1081377, "predicted_bounding_boxes": [[0, -2, 181, 258], [162, 31, 218, 224]]}, {"refexp_id": 1475, "annotation_id": 467111, "predicted_bounding_boxes": [[396, 39, 180, 467], [45, 80, 165, 176], [159, 138, 10, 16], [390, 148, 124, 201], [389, 54, 124, 202], [9, 54, 206, 472], [159, 180, 103, 147]]}, {"refexp_id": 1476, "annotation_id": 467111, "predicted_bounding_boxes": [[390, 148, 124, 201], [9, 54, 206, 472], [159, 138, 10, 16], [389, 54, 124, 202], [396, 39, 180, 467], [45, 80, 165, 176], [159, 180, 103, 147]]}, {"refexp_id": 1499, "annotation_id": 661161, "predicted_bounding_boxes": [[538, 22, 100, 302], [243, 279, 139, 90], [476, 324, 149, 116], [287, 1, 107, 265], [578, 7, 61, 47], [430, 317, 105, 113], [287, 288, 181, 159], [217, 265, 165, 194], [163, 5, 125, 274], [198, 70, 60, 183], [441, 307, 195, 142], [293, 288, 159, 124], [56, 101, 109, 63], [420, 8, 116, 93], [3, 253, 640, 227], [112, 1, 102, 264], [302, -3, 97, 113], [39, 10, 119, 270], [502, 23, 138, 232], [408, 2, 94, 277], [302, -3, 97, 113], [417, 83, 105, 87]]}, {"refexp_id": 1500, "annotation_id": 661161, "predicted_bounding_boxes": [[287, 288, 181, 159], [163, 5, 125, 274], [112, 1, 102, 264], [293, 288, 159, 124], [302, -3, 97, 113], [217, 265, 165, 194], [502, 23, 138, 232], [430, 317, 105, 113], [39, 10, 119, 270], [417, 83, 105, 87], [476, 324, 149, 116], [243, 279, 139, 90], [538, 22, 100, 302], [3, 253, 640, 227], [420, 8, 116, 93], [287, 1, 107, 265], [578, 7, 61, 47], [56, 101, 109, 63], [198, 70, 60, 183], [302, -3, 97, 113], [408, 2, 94, 277], [441, 307, 195, 142]]}, {"refexp_id": 1501, "annotation_id": 2160344, "predicted_bounding_boxes": [[230, 380, 76, 131], [358, 359, 25, 38], [166, 482, 32, 45], [154, 464, 44, 107], [405, 345, 70, 168], [228, 408, 105, 202], [387, 319, 19, 14], [346, 353, 45, 157], [439, 369, 42, 197]]}, {"refexp_id": 1502, "annotation_id": 2160344, "predicted_bounding_boxes": [[439, 369, 42, 197], [154, 464, 44, 107], [230, 380, 76, 131], [166, 482, 32, 45], [228, 408, 105, 202], [387, 319, 19, 14], [358, 359, 25, 38], [346, 353, 45, 157], [405, 345, 70, 168]]}, {"refexp_id": 1507, "annotation_id": 54905, "predicted_bounding_boxes": [[168, 100, 86, 155], [73, 43, 107, 211], [238, 124, 229, 249]]}, {"refexp_id": 1508, "annotation_id": 54905, "predicted_bounding_boxes": [[238, 124, 229, 249], [73, 43, 107, 211], [168, 100, 86, 155]]}, {"refexp_id": 1509, "annotation_id": 524467, "predicted_bounding_boxes": [[512, 234, 122, 25], [0, 91, 135, 168], [547, 174, 48, 48], [554, 154, 61, 101], [399, 159, 62, 98], [512, 234, 122, 25], [-2, 46, 159, 410], [395, 228, 54, 13]]}, {"refexp_id": 1510, "annotation_id": 524467, "predicted_bounding_boxes": [[547, 174, 48, 48], [554, 154, 61, 101], [399, 159, 62, 98], [-2, 46, 159, 410], [395, 228, 54, 13], [512, 234, 122, 25], [0, 91, 135, 168], [512, 234, 122, 25]]}, {"refexp_id": 1521, "annotation_id": 643425, "predicted_bounding_boxes": [[302, 22, 203, 402], [198, 149, 58, 186], [248, 139, 100, 199], [6, 175, 72, 171], [148, 127, 60, 211], [522, 234, 59, 57], [246, 164, 72, 91], [346, 169, 144, 173], [120, 159, 63, 183]]}, {"refexp_id": 1522, "annotation_id": 643425, "predicted_bounding_boxes": [[302, 22, 203, 402], [246, 164, 72, 91], [6, 175, 72, 171], [198, 149, 58, 186], [120, 159, 63, 183], [248, 139, 100, 199], [148, 127, 60, 211], [346, 169, 144, 173], [522, 234, 59, 57]]}, {"r